Vertex Count: 36

Data:

-2.4 -0 -2.4 0.006 0.9933 0 -0 -1
-2.4 4.8 -2.4 0.006 0.00959998 0 -0 -1
2.4 -0 -2.4 0.9896 0.9933 0 -0 -1
-2.4 4.8 -2.4 0.0091 0.00650001 0 1 -0
-2.4 4.8 2.4 0.9928 0.00650001 0 1 -0
2.4 4.8 -2.4 0.0091 0.9901 0 1 -0
-2.4 4.8 2.4 0.9903 0.00709999 0 0 1
-2.4 0 2.4 0.9903 0.9908 0 0 1
2.4 4.8 2.4 0.0066 0.00709999 0 0 1
-2.4 0 2.4 0.9922 0.009 0 -1 0
-2.4 -0 -2.4 0.9922 0.9927 0 -1 0
2.4 0 2.4 0.0085 0.009 0 -1 0
2.4 -0 -2.4 0.0053 0.9939 1 -0 -0
2.4 4.8 -2.4 0.0053 0.0102 1 -0 -0
2.4 0 2.4 0.989 0.9939 1 -0 -0
-2.4 0 2.4 0.0072 0.9914 -1 0 -0
-2.4 4.8 2.4 0.0072 0.00770003 -1 0 -0
-2.4 -0 -2.4 0.9909 0.9914 -1 0 -0
-2.4 4.8 -2.4 0.006 0.00959998 0 -0 -1
2.4 4.8 -2.4 0.9896 0.00959998 0 -0 -1
2.4 -0 -2.4 0.9896 0.9933 0 -0 -1
-2.4 4.8 2.4 0.9928 0.00650001 0 1 -0
2.4 4.8 2.4 0.9928 0.9901 0 1 -0
2.4 4.8 -2.4 0.0091 0.9901 0 1 -0
-2.4 0 2.4 0.9903 0.9908 0 0 1
2.4 0 2.4 0.0066 0.9908 0 0 1
2.4 4.8 2.4 0.0066 0.00709999 0 0 1
-2.4 -0 -2.4 0.9922 0.9927 0 -1 0
2.4 -0 -2.4 0.0085 0.9927 0 -1 0
2.4 0 2.4 0.0085 0.009 0 -1 0
2.4 4.8 -2.4 0.0053 0.0102 1 -0 -0
2.4 4.8 2.4 0.989 0.0102 1 -0 -0
2.4 0 2.4 0.989 0.9939 1 -0 -0
-2.4 4.8 2.4 0.0072 0.00770003 -1 0 -0
-2.4 4.8 -2.4 0.9909 0.00770003 -1 0 -0
-2.4 -0 -2.4 0.9909 0.9914 -1 0 -0
